N   s1         s2         diff       
1   0.16666669 0.16666667 0.00000001 
2   0.21666670 0.21666667 0.00000003 
3   0.24047625 0.24047619 0.00000006 
4   0.25436515 0.25436509 0.00000006 
5   0.26345611 0.26345599 0.00000012 
6   0.26986635 0.26986626 0.00000009 
7   0.27462828 0.27462816 0.00000012 
8   0.27830476 0.27830464 0.00000012 
9   0.28122878 0.28122860 0.00000018 
10  0.28360975 0.28360957 0.00000018 
11  0.28558606 0.28558585 0.00000021 
12  0.28725272 0.28725252 0.00000021 
13  0.28867728 0.28867701 0.00000027 
14  0.28990877 0.28990853 0.00000024 
15  0.29098403 0.29098380 0.00000024 
16  0.29193103 0.29193076 0.00000027 
17  0.29277140 0.29277110 0.00000030 
18  0.29352218 0.29352185 0.00000033 
19  0.29419696 0.29419661 0.00000036 
20  0.29480672 0.29480636 0.00000036 
21  0.29536045 0.29536006 0.00000039 
22  0.29586548 0.29586512 0.00000036 
23  0.29632801 0.29632765 0.00000036 
24  0.29675317 0.29675281 0.00000036 
25  0.29714531 0.29714498 0.00000033 
26  0.29750818 0.29750782 0.00000036 
27  0.29784489 0.29784453 0.00000036 
28  0.29815817 0.29815781 0.00000036 
29  0.29845035 0.29845005 0.00000030 
30  0.29872358 0.29872328 0.00000030 
31  0.29897958 0.29897928 0.00000030 
32  0.29921997 0.29921967 0.00000030 
33  0.29944611 0.29944581 0.00000030 
34  0.29965925 0.29965892 0.00000033 
35  0.29986048 0.29986012 0.00000036 
36  0.30005074 0.30005038 0.00000036 
37  0.30023092 0.30023056 0.00000036 
38  0.30040181 0.30040145 0.00000036 
39  0.30056411 0.30056372 0.00000039 
40  0.30071843 0.30071804 0.00000039 
41  0.30086535 0.30086496 0.00000039 
42  0.30100542 0.30100504 0.00000039 
43  0.30113906 0.30113870 0.00000036 
44  0.30126673 0.30126637 0.00000036 
45  0.30138886 0.30138847 0.00000039 
46  0.30150574 0.30150536 0.00000039 
47  0.30161774 0.30161732 0.00000042 
48  0.30172515 0.30172470 0.00000045 
49  0.30182821 0.30182779 0.00000042 
50  0.30192721 0.30192679 0.00000042 
51  0.30202240 0.30202198 0.00000042 
52  0.30211395 0.30211356 0.00000039 
53  0.30220217 0.30220172 0.00000045 
54  0.30228716 0.30228665 0.00000051 
55  0.30236906 0.30236855 0.00000051 
56  0.30244809 0.30244756 0.00000054 
57  0.30252439 0.30252382 0.00000057 
58  0.30259806 0.30259749 0.00000057 
59  0.30266929 0.30266872 0.00000057 
60  0.30273813 0.30273759 0.00000054 
61  0.30280477 0.30280423 0.00000054 
62  0.30286926 0.30286875 0.00000051 
63  0.30293179 0.30293125 0.00000054 
64  0.30299234 0.30299181 0.00000054 
65  0.30305111 0.30305052 0.00000060 
66  0.30310810 0.30310747 0.00000063 
67  0.30316335 0.30316275 0.00000060 
68  0.30321705 0.30321643 0.00000063 
69  0.30326921 0.30326855 0.00000066 
70  0.30331987 0.30331922 0.00000066 
71  0.30336910 0.30336845 0.00000066 
72  0.30341697 0.30341634 0.00000063 
73  0.30346352 0.30346292 0.00000060 
74  0.30350888 0.30350828 0.00000060 
75  0.30355304 0.30355242 0.00000063 
76  0.30359602 0.30359542 0.00000060 
77  0.30363792 0.30363733 0.00000060 
78  0.30367875 0.30367815 0.00000060 
79  0.30371857 0.30371797 0.00000060 
80  0.30375743 0.30375680 0.00000063 
81  0.30379528 0.30379468 0.00000060 
82  0.30383223 0.30383164 0.00000060 
83  0.30386835 0.30386770 0.00000066 
84  0.30390358 0.30390292 0.00000066 
85  0.30393803 0.30393732 0.00000072 
86  0.30397165 0.30397093 0.00000072 
87  0.30400449 0.30400378 0.00000072 
88  0.30403656 0.30403587 0.00000069 
89  0.30406797 0.30406725 0.00000072 
90  0.30409867 0.30409795 0.00000072 
91  0.30412871 0.30412796 0.00000075 
92  0.30415809 0.30415735 0.00000075 
93  0.30418682 0.30418611 0.00000072 
94  0.30421501 0.30421424 0.00000077 
95  0.30424255 0.30424181 0.00000075 
96  0.30426949 0.30426881 0.00000069 
97  0.30429590 0.30429524 0.00000066 
98  0.30432177 0.30432114 0.00000063 
99  0.30434710 0.30434653 0.00000057 
100 0.30437195 0.30437142 0.00000054 
101 0.30439639 0.30439579 0.00000060 
102 0.30442029 0.30441970 0.00000060 
103 0.30444378 0.30444315 0.00000063 
104 0.30446678 0.30446616 0.00000063 
105 0.30448937 0.30448872 0.00000066 
106 0.30451155 0.30451086 0.00000069 
107 0.30453324 0.30453259 0.00000066 
108 0.30455458 0.30455393 0.00000066 
109 0.30457556 0.30457488 0.00000069 
110 0.30459613 0.30459544 0.00000069 
111 0.30461633 0.30461565 0.00000069 
112 0.30463618 0.30463549 0.00000069 
113 0.30465567 0.30465499 0.00000069 
114 0.30467480 0.30467415 0.00000066 
115 0.30469358 0.30469298 0.00000060 
116 0.30471212 0.30471149 0.00000063 
117 0.30473036 0.30472967 0.00000069 
118 0.30474824 0.30474755 0.00000069 
119 0.30476582 0.30476514 0.00000069 
120 0.30478311 0.30478242 0.00000069 
121 0.30480009 0.30479944 0.00000066 
122 0.30481684 0.30481616 0.00000069 
123 0.30483329 0.30483261 0.00000069 
124 0.30484951 0.30484879 0.00000072 
125 0.30486548 0.30486473 0.00000075 
126 0.30488116 0.30488041 0.00000075 
127 0.30489659 0.30489585 0.00000075 
128 0.30491179 0.30491105 0.00000075 
129 0.30492675 0.30492601 0.00000075 
130 0.30494148 0.30494073 0.00000075 
131 0.30495596 0.30495524 0.00000072 
132 0.30497026 0.30496955 0.00000072 
133 0.30498433 0.30498362 0.00000072 
134 0.30499822 0.30499747 0.00000075 
135 0.30501187 0.30501115 0.00000072 
136 0.30502534 0.30502462 0.00000072 
137 0.30503863 0.30503789 0.00000075 
138 0.30505168 0.30505097 0.00000072 
139 0.30506462 0.30506387 0.00000075 
140 0.30507737 0.30507657 0.00000080 
141 0.30508995 0.30508909 0.00000086 
142 0.30510235 0.30510145 0.00000089 
143 0.30511457 0.30511364 0.00000092 
144 0.30512655 0.30512565 0.00000089 
145 0.30513835 0.30513752 0.00000083 
146 0.30515003 0.30514920 0.00000083 
147 0.30516154 0.30516073 0.00000080 
148 0.30517292 0.30517212 0.00000080 
149 0.30518413 0.30518335 0.00000077 
150 0.30519521 0.30519444 0.00000077 
151 0.30520618 0.30520537 0.00000080 
152 0.30521697 0.30521616 0.00000080 
153 0.30522764 0.30522680 0.00000083 
154 0.30523813 0.30523732 0.00000080 
155 0.30524850 0.30524769 0.00000080 
156 0.30525875 0.30525795 0.00000080 
157 0.30526888 0.30526805 0.00000083 
158 0.30527884 0.30527803 0.00000080 
159 0.30528873 0.30528790 0.00000083 
160 0.30529851 0.30529764 0.00000086 
161 0.30530810 0.30530727 0.00000083 
162 0.30531764 0.30531678 0.00000086 
163 0.30532706 0.30532616 0.00000089 
164 0.30533630 0.30533543 0.00000086 
165 0.30534548 0.30534458 0.00000089 
166 0.30535454 0.30535364 0.00000089 
167 0.30536348 0.30536258 0.00000089 
168 0.30537230 0.30537140 0.00000089 
169 0.30538106 0.30538014 0.00000092 
170 0.30538970 0.30538875 0.00000095 
171 0.30539823 0.30539727 0.00000095 
172 0.30540663 0.30540571 0.00000092 
173 0.30541497 0.30541402 0.00000095 
174 0.30542320 0.30542225 0.00000095 
175 0.30543137 0.30543038 0.00000098 
176 0.30543941 0.30543843 0.00000098 
177 0.30544734 0.30544639 0.00000095 
178 0.30545521 0.30545425 0.00000095 
179 0.30546302 0.30546203 0.00000098 
180 0.30547071 0.30546972 0.00000098 
181 0.30547833 0.30547732 0.00000101 
182 0.30548584 0.30548486 0.00000098 
183 0.30549330 0.30549231 0.00000098 
184 0.30550063 0.30549967 0.00000095 
185 0.30550790 0.30550694 0.00000095 
186 0.30551511 0.30551416 0.00000095 
187 0.30552226 0.30552128 0.00000098 
188 0.30552930 0.30552834 0.00000095 
189 0.30553627 0.30553532 0.00000095 
190 0.30554318 0.30554223 0.00000095 
191 0.30554998 0.30554906 0.00000092 
192 0.30555677 0.30555582 0.00000095 
193 0.30556345 0.30556253 0.00000092 
194 0.30557007 0.30556914 0.00000092 
195 0.30557668 0.30557570 0.00000098 
196 0.30558318 0.30558220 0.00000098 
197 0.30558962 0.30558863 0.00000098 
198 0.30559599 0.30559498 0.00000101 
199 0.30560231 0.30560127 0.00000104 
200 0.30560857 0.30560750 0.00000107 
201 0.30561471 0.30561367 0.00000104 
202 0.30562085 0.30561978 0.00000107 
203 0.30562687 0.30562583 0.00000104 
204 0.30563289 0.30563182 0.00000107 
205 0.30563885 0.30563775 0.00000110 
206 0.30564469 0.30564362 0.00000107 
207 0.30565053 0.30564943 0.00000110 
208 0.30565631 0.30565518 0.00000113 
209 0.30566204 0.30566090 0.00000113 
210 0.30566770 0.30566657 0.00000113 
211 0.30567330 0.30567217 0.00000113 
212 0.30567884 0.30567771 0.00000113 
213 0.30568433 0.30568320 0.00000113 
214 0.30568975 0.30568865 0.00000110 
215 0.30569518 0.30569404 0.00000113 
216 0.30570054 0.30569938 0.00000116 
217 0.30570585 0.30570468 0.00000116 
218 0.30571109 0.30570993 0.00000116 
219 0.30571628 0.30571514 0.00000113 
220 0.30572140 0.30572030 0.00000110 
221 0.30572653 0.30572540 0.00000113 
222 0.30573159 0.30573046 0.00000113 
223 0.30573660 0.30573547 0.00000113 
224 0.30574155 0.30574045 0.00000110 
225 0.30574650 0.30574536 0.00000113 
226 0.30575138 0.30575025 0.00000113 
227 0.30575621 0.30575508 0.00000113 
228 0.30576098 0.30575988 0.00000110 
229 0.30576569 0.30576465 0.00000104 
230 0.30577040 0.30576935 0.00000104 
231 0.30577505 0.30577403 0.00000101 
232 0.30577970 0.30577868 0.00000101 
233 0.30578429 0.30578327 0.00000101 
234 0.30578887 0.30578783 0.00000104 
235 0.30579340 0.30579236 0.00000104 
236 0.30579787 0.30579683 0.00000104 
237 0.30580235 0.30580127 0.00000107 
238 0.30580676 0.30580568 0.00000107 
239 0.30581111 0.30581006 0.00000104 
240 0.30581546 0.30581439 0.00000107 
241 0.30581981 0.30581868 0.00000113 
242 0.30582410 0.30582294 0.00000116 
243 0.30582833 0.30582717 0.00000116 
244 0.30583256 0.30583137 0.00000119 
245 0.30583674 0.30583552 0.00000122 
246 0.30584085 0.30583963 0.00000122 
247 0.30584496 0.30584371 0.00000125 
248 0.30584902 0.30584776 0.00000125 
249 0.30585301 0.30585179 0.00000122 
250 0.30585700 0.30585578 0.00000122 
251 0.30586100 0.30585974 0.00000125 
252 0.30586493 0.30586368 0.00000125 
253 0.30586886 0.30586758 0.00000128 
254 0.30587274 0.30587146 0.00000128 
255 0.30587661 0.30587530 0.00000131 
256 0.30588043 0.30587912 0.00000131 
257 0.30588418 0.30588290 0.00000128 
258 0.30588794 0.30588666 0.00000128 
259 0.30589163 0.30589038 0.00000125 
260 0.30589533 0.30589408 0.00000125 
261 0.30589896 0.30589774 0.00000122 
262 0.30590260 0.30590138 0.00000122 
263 0.30590624 0.30590498 0.00000125 
264 0.30590981 0.30590856 0.00000125 
265 0.30591333 0.30591211 0.00000122 
266 0.30591685 0.30591562 0.00000122 
267 0.30592036 0.30591911 0.00000125 
268 0.30592388 0.30592260 0.00000128 
269 0.30592728 0.30592605 0.00000122 
270 0.30593073 0.30592948 0.00000125 
271 0.30593413 0.30593288 0.00000125 
272 0.30593747 0.30593625 0.00000122 
273 0.30594087 0.30593958 0.00000128 
274 0.30594414 0.30594292 0.00000122 
275 0.30594742 0.30594623 0.00000119 
276 0.30595070 0.30594951 0.00000119 
277 0.30595398 0.30595276 0.00000122 
278 0.30595720 0.30595598 0.00000122 
279 0.30596042 0.30595919 0.00000122 
280 0.30596358 0.30596238 0.00000119 
281 0.30596673 0.30596554 0.00000119 
282 0.30596989 0.30596867 0.00000122 
283 0.30597305 0.30597180 0.00000125 
284 0.30597615 0.30597490 0.00000125 
285 0.30597925 0.30597797 0.00000128 
286 0.30598229 0.30598101 0.00000128 
287 0.30598533 0.30598405 0.00000128 
288 0.30598831 0.30598706 0.00000125 
289 0.30599129 0.30599004 0.00000125 
290 0.30599427 0.30599302 0.00000125 
291 0.30599725 0.30599597 0.00000128 
292 0.30600017 0.30599889 0.00000128 
293 0.30600309 0.30600181 0.00000128 
294 0.30600601 0.30600470 0.00000131 
295 0.30600888 0.30600756 0.00000131 
296 0.30601174 0.30601043 0.00000131 
297 0.30601454 0.30601326 0.00000128 
298 0.30601734 0.30601606 0.00000128 
299 0.30602014 0.30601886 0.00000128 
300 0.30602288 0.30602163 0.00000125 
301 0.30602562 0.30602437 0.00000125 
302 0.30602837 0.30602711 0.00000125 
303 0.30603105 0.30602983 0.00000122 
304 0.30603373 0.30603254 0.00000119 
305 0.30603641 0.30603522 0.00000119 
306 0.30603909 0.30603787 0.00000122 
307 0.30604172 0.30604053 0.00000119 
308 0.30604434 0.30604315 0.00000119 
309 0.30604696 0.30604577 0.00000119 
310 0.30604959 0.30604836 0.00000122 
311 0.30605215 0.30605096 0.00000119 
312 0.30605471 0.30605352 0.00000119 
313 0.30605727 0.30605605 0.00000122 
314 0.30605978 0.30605859 0.00000119 
315 0.30606234 0.30606109 0.00000125 
316 0.30606484 0.30606359 0.00000125 
317 0.30606729 0.30606607 0.00000122 
318 0.30606973 0.30606854 0.00000119 
319 0.30607224 0.30607098 0.00000125 
320 0.30607462 0.30607343 0.00000119 
321 0.30607706 0.30607584 0.00000122 
322 0.30607951 0.30607826 0.00000125 
323 0.30608189 0.30608064 0.00000125 
324 0.30608428 0.30608302 0.00000125 
325 0.30608666 0.30608538 0.00000128 
326 0.30608898 0.30608773 0.00000125 
327 0.30609131 0.30609006 0.00000125 
328 0.30609363 0.30609238 0.00000125 
329 0.30609590 0.30609468 0.00000122 
330 0.30609816 0.30609697 0.00000119 
331 0.30610043 0.30609924 0.00000119 
332 0.30610269 0.30610150 0.00000119 
333 0.30610496 0.30610377 0.00000119 
334 0.30610722 0.30610600 0.00000122 
335 0.30610949 0.30610824 0.00000125 
336 0.30611169 0.30611044 0.00000125 
337 0.30611390 0.30611265 0.00000125 
338 0.30611604 0.30611482 0.00000122 
339 0.30611819 0.30611700 0.00000119 
340 0.30612034 0.30611914 0.00000119 
341 0.30612248 0.30612129 0.00000119 
342 0.30612463 0.30612344 0.00000119 
343 0.30612677 0.30612555 0.00000122 
344 0.30612886 0.30612767 0.00000119 
345 0.30613095 0.30612975 0.00000119 
346 0.30613303 0.30613184 0.00000119 
347 0.30613512 0.30613393 0.00000119 
348 0.30613714 0.30613598 0.00000116 
349 0.30613917 0.30613804 0.00000113 
350 0.30614120 0.30614007 0.00000113 
351 0.30614322 0.30614209 0.00000113 
352 0.30614525 0.30614412 0.00000113 
353 0.30614728 0.30614612 0.00000116 
354 0.30614930 0.30614811 0.00000119 
355 0.30615127 0.30615008 0.00000119 
356 0.30615330 0.30615205 0.00000125 
357 0.30615526 0.30615401 0.00000125 
358 0.30615723 0.30615595 0.00000128 
359 0.30615920 0.30615789 0.00000131 
360 0.30616117 0.30615982 0.00000134 
361 0.30616307 0.30616173 0.00000134 
362 0.30616498 0.30616364 0.00000134 
363 0.30616689 0.30616555 0.00000134 
364 0.30616879 0.30616742 0.00000137 
365 0.30617064 0.30616930 0.00000134 
366 0.30617255 0.30617118 0.00000137 
367 0.30617440 0.30617303 0.00000137 
368 0.30617625 0.30617487 0.00000137 
369 0.30617803 0.30617672 0.00000131 
370 0.30617988 0.30617854 0.00000134 
371 0.30618173 0.30618036 0.00000137 
372 0.30618352 0.30618218 0.00000134 
373 0.30618536 0.30618396 0.00000140 
374 0.30618715 0.30618575 0.00000140 
375 0.30618894 0.30618754 0.00000140 
376 0.30619073 0.30618930 0.00000143 
377 0.30619252 0.30619106 0.00000146 
378 0.30619425 0.30619282 0.00000143 
379 0.30619603 0.30619454 0.00000149 
380 0.30619776 0.30619627 0.00000149 
381 0.30619949 0.30619800 0.00000149 
382 0.30620122 0.30619970 0.00000152 
383 0.30620289 0.30620140 0.00000149 
384 0.30620456 0.30620310 0.00000146 
385 0.30620629 0.30620480 0.00000149 
386 0.30620795 0.30620646 0.00000149 
387 0.30620962 0.30620813 0.00000149 
388 0.30621129 0.30620980 0.00000149 
389 0.30621296 0.30621144 0.00000152 
390 0.30621457 0.30621308 0.00000149 
391 0.30621618 0.30621472 0.00000146 
392 0.30621785 0.30621636 0.00000149 
393 0.30621946 0.30621797 0.00000149 
394 0.30622107 0.30621958 0.00000149 
395 0.30622268 0.30622119 0.00000149 
396 0.30622423 0.30622277 0.00000146 
397 0.30622584 0.30622435 0.00000149 
398 0.30622745 0.30622593 0.00000152 
399 0.30622900 0.30622751 0.00000149 
400 0.30623060 0.30622905 0.00000155 
401 0.30623215 0.30623060 0.00000155 
402 0.30623370 0.30623215 0.00000155 
403 0.30623519 0.30623370 0.00000149 
404 0.30623674 0.30623522 0.00000152 
405 0.30623829 0.30623674 0.00000155 
406 0.30623984 0.30623826 0.00000158 
407 0.30624133 0.30623978 0.00000155 
408 0.30624282 0.30624127 0.00000155 
409 0.30624431 0.30624276 0.00000155 
410 0.30624580 0.30624425 0.00000155 
411 0.30624729 0.30624574 0.00000155 
412 0.30624878 0.30624720 0.00000158 
413 0.30625021 0.30624866 0.00000155 
414 0.30625165 0.30625013 0.00000152 
415 0.30625314 0.30625159 0.00000155 
416 0.30625457 0.30625302 0.00000155 
417 0.30625606 0.30625445 0.00000161 
418 0.30625749 0.30625588 0.00000161 
419 0.30625892 0.30625731 0.00000161 
420 0.30626035 0.30625871 0.00000164 
421 0.30626172 0.30626011 0.00000161 
422 0.30626309 0.30626151 0.00000158 
423 0.30626446 0.30626291 0.00000155 
424 0.30626583 0.30626431 0.00000152 
425 0.30626720 0.30626568 0.00000152 
426 0.30626863 0.30626705 0.00000158 
427 0.30627000 0.30626842 0.00000158 
428 0.30627137 0.30626979 0.00000158 
429 0.30627275 0.30627117 0.00000158 
430 0.30627406 0.30627251 0.00000155 
431 0.30627537 0.30627385 0.00000152 
432 0.30627668 0.30627519 0.00000149 
433 0.30627799 0.30627653 0.00000146 
434 0.30627936 0.30627784 0.00000152 
435 0.30628067 0.30627915 0.00000152 
436 0.30628198 0.30628046 0.00000152 
437 0.30628330 0.30628178 0.00000152 
438 0.30628461 0.30628309 0.00000152 
439 0.30628586 0.30628437 0.00000149 
440 0.30628717 0.30628565 0.00000152 
441 0.30628848 0.30628693 0.00000155 
442 0.30628979 0.30628821 0.00000158 
443 0.30629104 0.30628949 0.00000155 
444 0.30629230 0.30629078 0.00000152 
445 0.30629355 0.30629203 0.00000152 
446 0.30629486 0.30629328 0.00000158 
447 0.30629611 0.30629453 0.00000158 
448 0.30629736 0.30629578 0.00000158 
449 0.30629861 0.30629703 0.00000158 
450 0.30629981 0.30629826 0.00000155 
451 0.30630106 0.30629948 0.00000158 
452 0.30630231 0.30630070 0.00000161 
453 0.30630356 0.30630192 0.00000164 
454 0.30630475 0.30630314 0.00000161 
455 0.30630600 0.30630434 0.00000167 
456 0.30630720 0.30630553 0.00000167 
457 0.30630839 0.30630672 0.00000167 
458 0.30630958 0.30630791 0.00000167 
459 0.30631077 0.30630910 0.00000167 
460 0.30631196 0.30631030 0.00000167 
461 0.30631316 0.30631146 0.00000170 
462 0.30631429 0.30631262 0.00000167 
463 0.30631548 0.30631378 0.00000170 
464 0.30631667 0.30631495 0.00000173 
465 0.30631781 0.30631611 0.00000170 
466 0.30631894 0.30631727 0.00000167 
467 0.30632007 0.30631840 0.00000167 
468 0.30632120 0.30631953 0.00000167 
469 0.30632234 0.30632067 0.00000167 
470 0.30632347 0.30632180 0.00000167 
471 0.30632460 0.30632293 0.00000167 
472 0.30632567 0.30632406 0.00000161 
473 0.30632681 0.30632517 0.00000164 
474 0.30632788 0.30632627 0.00000161 
475 0.30632895 0.30632737 0.00000158 
476 0.30633003 0.30632848 0.00000155 
477 0.30633110 0.30632958 0.00000152 
478 0.30633217 0.30633068 0.00000149 
479 0.30633330 0.30633178 0.00000152 
480 0.30633438 0.30633286 0.00000152 
481 0.30633545 0.30633393 0.00000152 
482 0.30633652 0.30633500 0.00000152 
483 0.30633759 0.30633608 0.00000152 
484 0.30633867 0.30633715 0.00000152 
485 0.30633974 0.30633822 0.00000152 
486 0.30634081 0.30633926 0.00000155 
487 0.30634189 0.30634031 0.00000158 
488 0.30634296 0.30634135 0.00000161 
489 0.30634403 0.30634239 0.00000164 
490 0.30634511 0.30634344 0.00000167 
491 0.30634618 0.30634448 0.00000170 
492 0.30634719 0.30634552 0.00000167 
493 0.30634820 0.30634654 0.00000167 
494 0.30634922 0.30634755 0.00000167 
495 0.30635023 0.30634856 0.00000167 
496 0.30635130 0.30634958 0.00000173 
497 0.30635226 0.30635059 0.00000167 
498 0.30635327 0.30635160 0.00000167 
499 0.30635428 0.30635262 0.00000167 
500 0.30635530 0.30635363 0.00000167 
